CID dproj vlos zclus
1 9.68421067060803 898.239070120224 0.0231
1 9.92225404162059 -2080.77507528101 0.0231
1 9.46241099620788 1132.499369524 0.0231
1 9.21325452604649 157.983439350993 0.0231
1 9.3871303083889 -1843.9185906363 0.0231
1 9.17611507144278 382.966625354316 0.0231
1 9.18054005249923 113.41168573942 0.0231
1 9.22171120236726 294.567396969994 0.0231
1 9.05192321506972 786.767197732382 0.0231
1 9.83997618666441 3038.62384783501 0.0231
1 9.8328516838401 3025.69273556837 0.0231
1 8.6507522582218 2335.9630891213 0.0231
1 8.3373990649084 -11.0176709999019 0.0231
1 8.16578632639799 2319.05565250709 0.0231
1 8.24385575647426 1803.36418461539 0.0231
1 6.24152132319152 -727.799216029713 0.0231
1 5.72703391073534 1012.59722068224 0.0231
1 5.61338958508749 961.578957443066 0.0231
1 5.55031110442577 937.510034678917 0.0231
1 5.54732262021056 893.875955194997 0.0231
1 5.34339360171864 852.252014622227 0.0231
1 6.27037042423405 -1836.77468587626 0.0231
1 6.91460399642232 497.248589893461 0.0231
1 7.35602647454827 531.573323428796 0.0231
1 7.45418886481192 -1167.23433549018 0.0231
1 7.53290881799584 -227.511975916332 0.0231
1 7.74540843200687 -1300.16136401134 0.0231
1 7.85677799232948 -1233.39310565927 0.0231
1 7.99890603614087 -1247.85379884664 0.0231
1 8.75641369554715 2352.1028050435 0.0231
1 8.53633812120238 3621.7135738833 0.0231
1 9.05931154853611 2613.02821245235 0.0231
1 9.8770294100318 -2564.24864619294 0.0231
1 9.93052462914541 -385.129136311211 0.0231
1 9.90646549290565 18.7974360277595 0.0231
1 9.80499699342145 -198.646263942918 0.0231
1 8.77046305667095 -2447.34119409637 0.0231
1 8.08491527195476 2428.67268826117 0.0231
1 7.49428900555224 -2347.64885293715 0.0231
1 6.82200190773331 335.353291291174 0.0231
1 6.97038451244021 404.629827934709 0.0231
1 6.66853492199914 2250.27725524387 0.0231
1 6.27961371793765 -921.985667402991 0.0231
1 6.15726679364857 57.6376565340635 0.0231
1 5.93746135879982 785.803151519891 0.0231
1 6.04870222725342 290.538328452743 0.0231
1 6.07776544327887 211.36053906754 0.0231
1 6.71301649413202 894.983582758284 0.0231
1 7.09445183179494 1158.95350085036 0.0231
1 7.2797442987545 154.141905659271 0.0231
1 7.5526364952332 -800.770774782524 0.0231
1 8.23538056646525 -993.160994155019 0.0231
1 8.33881660744398 -1163.25801114261 0.0231
1 8.52405560947503 -1327.40958811455 0.0231
1 8.60755762659582 -1299.96210825921 0.0231
1 8.77259437668224 -1362.64855392435 0.0231
1 9.12209284082695 2612.83188693187 0.0231
1 9.0971356196862 574.76786816538 0.0231
1 9.32210685422219 247.967923057375 0.0231
1 9.68432949241273 2786.86420502395 0.0231
1 9.70480445204203 -2562.73371643046 0.0231
1 9.28182900241731 26.0497593588113 0.0231
1 8.37074904202256 -47.3261713615483 0.0231
1 8.40291879596464 -75.7640695142209 0.0231
1 7.62863132231428 2557.22488093051 0.0231
1 7.24197127183409 -109.408989307008 0.0231
1 7.29565527077031 -281.976191574626 0.0231
1 6.78455461585326 1015.15531291174 0.0231
1 6.83701332430101 -126.257821288241 0.0231
1 6.86030482780161 159.492508650181 0.0231
1 8.19145522836374 -578.688518111622 0.0231
1 8.35861084808463 938.787615677842 0.0231
1 8.75547722947879 814.021282298896 0.0231
1 8.6458519044671 2593.32240461343 0.0231
1 8.98684428095585 2097.24004691624 0.0231
1 8.93364257489162 1974.95268951227 0.0231
1 8.96246364417938 1998.10151953866 0.0231
1 9.3916913270197 3760.04394956505 0.0231
1 9.3950489201973 3959.03891107419 0.0231
1 9.54294159179928 3822.61025573258 0.0231
1 9.60725750884673 3989.7916922295 0.0231
1 9.63543764210174 -79.2891381878598 0.0231
1 9.96834321823199 3458.92748485974 0.0231
1 9.94117375743195 -100.574340885544 0.0231
1 8.26805299155613 -26.5039452643922 0.0231
1 7.56857694160586 78.7411848695143 0.0231
1 7.39512011685788 2370.56033419998 0.0231
1 7.83906933554524 944.469334845079 0.0231
1 7.98354615801734 864.535545694459 0.0231
1 8.10614903340886 2585.85324414036 0.0231
1 9.89344174203228 3755.58706722706 0.0231
1 9.56578085316019 -145.374652565731 0.0231
1 8.34534805606248 642.333149525951 0.0231
1 8.047067539827 217.127234952595 0.0231
1 8.14090724007596 2650.9366192943 0.0231
1 8.12740106942481 2573.68399210244 0.0231
1 8.39556450204193 2722.82985280031 0.0231
1 8.66526422194794 -171.444923546085 0.0231
1 9.09186848646134 2719.89376068811 0.0231
1 8.91766217776791 114.299545929039 0.0231
1 8.94114466779843 2544.86223360375 0.0231
1 8.88746852216645 266.765359085134 0.0231
1 8.87809174032971 251.161875554687 0.0231
1 9.0190847058571 2836.91842205063 0.0231
1 9.07954084325774 2734.40426781351 0.0231
1 9.26155763919717 1056.01739325579 0.0231
1 9.21607337205405 1078.36920027368 0.0231
1 8.66484908068474 143.976932069202 0.0231
1 8.30821063604138 2236.38502699638 0.0231
1 7.92152488835978 -121.979683080832 0.0231
1 7.83388801191149 -24.3619459290389 0.0231
1 5.85047099227138 -97.4682953376993 0.0231
1 5.90537764273547 1860.74398076434 0.0231
1 6.02952523881976 1987.71677857492 0.0231
1 5.55424329134918 1982.63868712736 0.0231
1 5.10314355420179 667.735327690353 0.0231
1 5.33522503637873 -261.036756211514 0.0231
1 5.85749087665715 116.646661479817 0.0231
1 7.13776059965085 -960.236911347864 0.0231
1 7.98730578646619 2470.57500084058 0.0231
1 8.45407498482956 3642.76435804907 0.0231
1 9.22228348331459 3956.01491201251 0.0231
1 8.68296648144206 106.089036848794 0.0231
1 8.38181441424186 185.164268126283 0.0231
1 8.00386389778765 135.951027582836 0.0231
1 7.81126020817387 127.605727846741 0.0231
1 6.80429567384882 1949.89920891409 0.0231
1 5.9548691412235 -54.4407738051016 0.0231
1 5.64220302973313 599.1825582641 0.0231
1 5.85489811310963 884.361493030984 0.0231
1 5.83805375800891 849.333503899913 0.0231
1 5.85399927261696 794.476637200665 0.0231
1 5.98478985739105 322.829481223732 0.0231
1 7.72786668961558 1438.90490235559 0.0231
1 7.69213218759339 -47.5166364187268 0.0231
1 8.23883831679799 -1038.6499102727 0.0231
1 8.51680470401047 -1279.26588212296 0.0231
1 8.71557722269234 2751.61937875086 0.0231
1 8.78476637671732 2543.04548998143 0.0231
1 8.7459304864043 2157.84016764735 0.0231
1 8.78913212206859 2457.24830730134 0.0231
1 9.0427292308309 339.013150620663 0.0231
1 9.09187058773136 2383.43577206529 0.0231
1 9.96318249672723 -252.117131072231 0.0231
1 9.78149187776039 155.179207662986 0.0231
1 7.46055095724377 149.553162897078 0.0231
1 6.90661011573397 1167.703172554 0.0231
1 6.83265058482693 2038.68815810771 0.0231
1 6.3835156925031 133.149726126479 0.0231
1 7.54302864369297 3.42251056592709 0.0231
1 9.44391757317868 -1337.07642232431 0.0231
1 9.63886019264816 226.618255263415 0.0231
1 9.8522527882465 -1834.84073298798 0.0231
1 9.77666005115685 -1446.2509930994 0.0231
1 9.82634933609877 -1818.58966826312 0.0231
1 8.06950674457193 -23.2191555859636 0.0231
1 7.59428584894073 -369.036304095396 0.0231
1 7.74155181369297 -135.101260404652 0.0231
1 7.37985988140579 59.6565861401623 0.0231
1 7.55232082528186 -186.887244335842 0.0231
1 7.52145011500943 312.427158870101 0.0231
1 7.19548463614019 -78.3924873032935 0.0231
1 7.24707891049635 2419.14650517056 0.0231
1 7.04219470476193 376.01904611475 0.0231
1 7.26996603964376 185.879244648618 0.0231
1 7.28448370938583 1961.90143774802 0.0231
1 8.91293183648164 452.436557286678 0.0231
1 8.96288106901152 -1794.53832688887 0.0231
1 9.08783132381636 -1780.8687962467 0.0231
1 9.51401114184203 704.723641794547 0.0231
1 9.58776841517027 2722.03576002346 0.0231
1 9.66101273166155 3032.74873337895 0.0231
1 9.2560690585626 -106.132990323527 0.0231
1 8.14651537915568 -9.68441559964806 0.0231
1 8.04568512006308 20.1453425862573 0.0231
1 7.90447183694722 -4.84367291564873 0.0231
1 7.98302489804398 2389.66837478252 0.0231
1 7.8860418125305 -256.881687733359 0.0231
1 7.96701044130274 1131.99829991203 0.0231
1 7.93829203486029 -27.5471077314041 0.0231
1 8.64244262141313 -1624.1307053465 0.0231
1 8.43309731055752 2567.77078463493 0.0231
1 9.24669750367311 142.661258058841 0.0231
1 9.12587030952269 21.633900263904 0.0231
1 8.73916458127548 -1399.8683563288 0.0231
1 8.5997037059494 2734.47752360473 0.0231
1 8.81886819867999 868.48256772554 0.0231
1 8.56177192062153 -1575.91374356368 0.0231
1 8.55932651312102 -1599.01568988369 0.0231
1 8.77238036486553 -1597.30443460072 0.0231
1 1.23550698299408 170.677202854071 0.0231
1 1.13744833695906 -1542.43291674323 0.0231
1 1.14579730157202 -104.626851255987 0.0231
1 1.15385313861657 -443.660513498191 0.0231
1 1.3286626778262 147.575256534064 0.0231
1 1.51599651158945 1773.47289156485 0.0231
1 1.58811612428459 1647.64288409735 0.0231
1 1.6967617201929 -840.381646212491 0.0231
1 1.90143839249897 -79.2217428599357 0.0231
1 1.98400050958253 -942.71705631903 0.0231
1 2.05812735705424 791.013103391654 0.0231
1 1.98109158405995 -2111.84139122275 0.0231
1 2.39946856705428 -215.002817007135 0.0231
1 2.21186136735964 1162.57819740006 0.0231
1 2.22867143611734 1393.85845121689 0.0231
1 2.49887534347411 913.813251334181 0.0231
1 2.58000871106995 -1445.80266765712 0.0231
1 2.6186111335704 -347.625101436809 0.0231
1 2.6018137555989 911.855856592709 0.0231
1 2.88240580178809 979.227742664451 0.0231
1 3.04241231286993 899.059534981918 0.0231
1 3.14594919854744 -647.311613097449 0.0231
1 3.81559708496734 3362.20053812922 0.0231
1 3.89973786966767 782.474408366729 0.0231
1 3.93249369822238 694.321319440916 0.0231
1 4.00125169848391 -718.448846838041 0.0231
1 4.14871008062802 166.993901671391 0.0231
1 4.2320939882928 -14.440181565829 0.0231
1 4.58815831811523 398.104202052585 0.0231
1 5.61822918818681 -835.789973218649 0.0231
1 6.65198866345258 206.909517192846 0.0231
1 6.69287875642857 -370.873559339263 0.0231
1 7.8510997840876 -117.417312403479 0.0231
1 8.02709754516556 -161.124647678623 0.0231
1 1.87376798539887 335.760593490373 0.0231
1 1.96656115714417 553.133967901477 0.0231
1 2.18193488099341 419.453869846545 0.0231
1 2.08571313817469 184.587012491448 0.0231
1 2.02323502146407 -491.112684820643 0.0231
1 2.30109820272233 1113.78691021406 0.0231
1 2.14348958548168 3.10604554784464 0.0231
1 2.08531353286132 3386.32806552634 0.0231
1 2.3205694728811 -224.26527924934 0.0231
1 2.52159827342429 601.219069260092 0.0231
1 2.63344997747606 -292.604141765224 0.0231
1 2.68458426750465 -97.7906208190785 0.0231
1 2.6932538522401 281.302238295378 0.0231
1 2.72363237617089 642.409335548823 0.0231
1 2.93466013847855 -933.015059329488 0.0231
1 2.96961065142153 1011.13796532108 0.0231
1 3.03021696982657 -1640.69823508943 0.0231
1 3.3046068529319 82.3365791027275 0.0231
1 3.31318579450172 650.622774860718 0.0231
1 3.3022637294142 781.144083198124 0.0231
1 3.28845197801129 -2128.29757216303 0.0231
1 3.5680819224281 858.26778019744 0.0231
1 3.82013012889842 304.166835851824 0.0231
1 3.89991963347801 -753.99548697097 0.0231
1 4.2955647731059 -713.816150601115 0.0231
1 4.11398568128693 489.084964519597 0.0231
1 4.34319453607105 -1302.38247960121 0.0231
1 4.36365660996495 789.421987606295 0.0231
1 4.36426248839584 716.84014966279 0.0231
1 4.5912679568964 179.464967569153 0.0231
1 7.17835551221998 3372.3186280129 0.0231
1 7.28140817706978 3506.49100498485 0.0231
1 7.29919130485652 3484.56994201935 0.0231
1 7.46176240529677 2946.6907600821 0.0231
1 2.53539534596108 -388.282065565438 0.0231
1 2.54663957635057 -52.6533324992669 0.0231
1 2.80364010555237 853.459270061578 0.0231
1 2.86680551630689 137.105538852507 0.0231
1 3.53267725753162 -866.586707848695 0.0231
1 3.41056396634771 247.803830085036 0.0231
1 3.59657979007776 401.585317251491 0.0231
1 3.68050404475308 362.460864275242 0.0231
1 3.74410330328929 986.263228853485 0.0231
1 3.95835727719897 -1641.00590941257 0.0231
1 4.50287904272459 -632.897803616459 0.0231
1 5.78097214665526 -921.698504701398 0.0231
1 6.31232051859533 3441.41349029421 0.0231
1 6.40984237436106 3509.82560860131 0.0231
1 6.44711110125074 3425.6986579611 0.0231
1 7.42283680552026 3569.84554346594 0.0231
1 8.35697653419675 -74.3311862379037 0.0231
1 3.26180209268516 378.14346406021 0.0231
1 3.44130077302623 2230.58609856319 0.0231
1 3.57092519922554 92.3814131951909 0.0231
1 3.95213502938442 13.9625538070569 0.0231
1 4.01791282939103 154.651765966182 0.0231
1 3.94434648036158 -818.495746026781 0.0231
1 4.6282154037575 -27.0255264978982 0.0231
1 4.90212052078962 1.8606970970586 0.0231
1 5.2862350539375 114.27024361255 0.0231
1 5.27923537076868 -560.863918991301 0.0231
1 5.51171555021268 335.684407467501 0.0231
1 6.62634564826615 -179.36533969309 0.0231
1 6.79566415634507 -319.890458879875 0.0231
1 6.80034395860878 -361.939283041736 0.0231
1 6.77706623951707 -398.148155527319 0.0231
1 8.16243753461007 2584.14784932069 0.0231
1 8.16799797809542 2484.56099650083 0.0231
1 9.08827591227968 206.361563874499 0.0231
1 9.40710066388212 -2812.58577843808 0.0231
1 4.36438386869536 2899.88030949076 0.0231
1 4.53645662730755 2945.96992309647 0.0231
1 4.60978047433264 -2036.11248448832 0.0231
1 5.38824311312844 3541.04722682045 0.0231
1 6.25497804574006 -383.649369328511 0.0231
1 6.51556714053643 -402.602107633663 0.0231
1 6.58090229300316 3530.79727651256 0.0231
1 6.68263214407157 3546.59708556348 0.0231
1 6.74062718877062 -66.9821652624379 0.0231
1 6.86458329948934 -948.164356954355 0.0231
1 7.09168381633794 -866.680475261461 0.0231
1 7.23814024008956 15.946320633369 0.0231
1 8.0773954927157 3774.66287526146 0.0231
1 9.08724136610144 2731.04329211221 0.0231
1 9.21509929302773 -297.808233173688 0.0231
1 7.53447159545762 309.854415482358 0.0231
1 6.5516871295439 3496.25570583521 0.0231
1 6.13876992155956 3480.77236180237 0.0231
1 5.54152378986173 3764.26641337113 0.0231
1 5.45079394871075 3395.44694641775 0.0231
1 5.41083483119522 3500.7184486365 0.0231
1 5.33448436316989 3392.25299392044 0.0231
1 5.0594959812004 23.4975275926109 0.0231
1 3.14588128265001 3215.7123975369 0.0231
1 1.60279873595684 746.596652057473 0.0231
1 1.24275826782961 -319.588645020037 0.0231
1 0.960836909603992 -652.152355781448 0.0231
1 0.958842304145327 -155.987951598084 0.0231
1 1.00774707144427 248.427969426254 0.0231
1 0.935380281303661 369.241420310821 0.0231
1 0.932569164892667 -17.9564595445217 0.0231
1 0.812802479338797 -990.052018375525 0.0231
1 0.939830491016584 -624.312224885153 0.0231
1 0.799554209422853 -353.283378750855 0.0231
1 0.879529577596268 72.171605512658 0.0231
1 1.00170661807287 644.366730290295 0.0231
1 0.942324302223044 1283.80188071547 0.0231
1 1.01121669290147 298.681442205064 0.0231
1 0.886517116189621 1141.28127377578 0.0231
1 0.953991798612156 173.871155351383 0.0231
1 0.960087182014219 879.82842467012 0.0231
1 1.02021766394745 -636.613337347278 0.0231
1 1.28061561429712 1474.78851912814 0.0231
1 1.23896167073894 -1136.72476356172 0.0231
1 1.4102337510687 634.919663454208 0.0231
1 1.48286824834228 -766.835762056494 0.0231
1 1.57825270472611 -937.539336995406 0.0231
1 1.66414235509289 -1137.52471680188 0.0231
1 1.57550958228495 476.81901483726 0.0231
1 1.7171565890555 137.820515374841 0.0231
1 1.82349053427649 -1499.85372065292 0.0231
1 1.67157606963546 1880.05420733066 0.0231
1 2.19245679965558 783.362268556348 0.0231
1 2.95300591246977 -404.040851373277 0.0231
1 3.17382861035852 499.109286990519 0.0231
1 3.18337495127312 -1297.89336471508 0.0231
1 3.31726658327766 -159.612648147786 0.0231
1 3.42915906606897 -490.488545479425 0.0231
1 3.44861757482933 581.715447404946 0.0231
1 3.61644802585336 -419.673637220213 0.0231
1 3.62619177895637 203.759518170267 0.0231
1 3.7898838389097 -1059.94683389698 0.0231
1 3.94526339100761 -883.35056311211 0.0231
1 3.95580145563706 -1160.79075609422 0.0231
1 3.95073704338306 -659.161469885641 0.0231
1 4.22712869014654 83.3475090216012 0.0231
1 9.732361034745 1063.09976315121 0.0231
1 9.26054607738891 918.372691779886 0.0231
1 7.04878631944751 3588.45837489982 0.0231
1 5.31096632641049 186.729011826802 0.0231
1 4.74360307993089 0.457116137230323 0.0231
1 4.0333170114684 3506.72249328511 0.0231
1 2.79294774926471 2806.24475714984 0.0231
1 2.45145872999334 166.053297312091 0.0231
1 2.48183699502967 1003.61899090998 0.0231
1 2.25039725455626 -501.210263082788 0.0231
1 1.75252991999435 1141.9112735803 0.0231
1 1.75787311765806 1283.27443901867 0.0231
1 1.7639266251628 -5.75497495845896 0.0231
1 1.79149168257952 973.068395738442 0.0231
1 1.76186322619415 754.988835499951 0.0231
1 1.63996015268057 719.928613820741 0.0231
1 1.67411296326796 205.233424689669 0.0231
1 1.4798601122972 1039.35316586844 0.0231
1 1.56189349239903 1387.19803467892 0.0231
1 1.62007434567444 -881.229075398299 0.0231
1 1.56812363936522 -793.029102766103 0.0231
1 1.60561451296306 -152.454092229498 0.0231
1 1.51774785274432 402.751549447758 0.0231
1 1.74738245570694 50.8629609617827 0.0231
1 1.75023455615046 199.34072884371 0.0231
1 1.58623803727899 1024.79577503665 0.0231
1 1.95177006056757 1159.09708220115 0.0231
1 1.98928227140886 -223.931232841364 0.0231
1 1.89803187004043 -792.381521571694 0.0231
1 2.24905447698125 -348.835287107809 0.0231
1 2.17351966689218 950.013333124817 0.0231
1 2.38294748337898 -228.900905717916 0.0231
1 2.48496244713489 987.016298387255 0.0231
1 2.63182578571959 1408.43928390187 0.0231
1 3.01067982164302 -10.0301829342194 0.0231
1 2.95664649993802 -1334.24874878311 0.0231
1 3.01267199122897 -1012.21336033623 0.0231
1 3.59888361101235 614.976506851725 0.0231
1 3.87194840278313 -107.161501632294 0.0231
1 3.9832068359352 -1279.09299845567 0.0231
1 4.06182692323874 -549.330527221191 0.0231
1 4.19030504105236 -139.751538031473 0.0231
1 4.56178971474424 873.985542762194 0.0231
1 5.12448877712542 -545.122714573355 0.0231
1 5.94014684726183 -849.444852702571 0.0231
1 6.16327555892413 3671.16709342195 0.0231
1 6.33658671426581 -344.36961407487 0.0231
1 7.22149902157742 3466.37906394292 0.0231
1 7.27685971656909 3108.86736092269 0.0231
1 7.57181244077416 -296.510140553221 0.0231
1 9.63404124089609 1017.37349826996 0.0231
1 7.56103949805138 95.9709469651064 0.0231
1 7.50652157502686 -83.9599274362233 0.0231
1 7.32127020232734 -2220.47093891115 0.0231
1 7.09774753611771 -253.19545631903 0.0231
1 7.01045546338481 -88.2380656436322 0.0231
1 7.00670162720429 103.387363268498 0.0231
1 6.63939543051222 1617.14503309549 0.0231
1 6.78236872063324 284.156283921415 0.0231
1 6.17456358942339 2377.3555413938 0.0231
1 4.64838506785225 -13.8424143094518 0.0231
1 4.40648285331925 -140.425491310723 0.0231
1 2.39709819384525 -283.376842302805 0.0231
1 2.45638365749847 218.545467070667 0.0231
1 2.1764122071171 2317.59639714593 0.0231
1 2.45278762763688 356.119842987001 0.0231
1 2.28070459002207 100.313550268791 0.0231
1 2.53103424679579 185.111523956603 0.0231
1 2.97414422952604 -982.301555664158 0.0231
1 3.00046025635265 -1131.08406763757 0.0231
1 2.90254945897055 -1092.71561442674 0.0231
1 3.05337521638038 -1188.69828231844 0.0231
1 3.2897960555744 130.875866366925 0.0231
1 3.15455494367542 1152.35168894536 0.0231
1 3.43034623223558 969.780675828365 0.0231
1 3.42638460851134 356.260494106148 0.0231
1 3.35938524570799 39.9449178379442 0.0231
1 3.49833543180338 2399.28539505425 0.0231
1 3.51829688289986 987.18918205454 0.0231
1 3.85587118548279 78.6181151402608 0.0231
1 4.09783571815495 84.9767178183957 0.0231
1 4.1332764286812 2421.00427203597 0.0231
1 4.2082762328843 914.053530329391 0.0231
1 4.73956836388571 559.542384517642 0.0231
1 5.05543218897893 337.14073259701 0.0231
1 7.26545174202293 3399.15075922197 0.0231
1 8.66690857144892 3703.62233916528 0.0231
1 9.13724922162823 1074.34306198808 0.0231
1 8.06957869761468 52.4189139673544 0.0231
1 6.32429509839885 -2201.40099134005 0.0231
1 5.45456668579368 -2120.66724894927 0.0231
1 3.20480106271123 79.4883939399865 0.0231
1 3.18987041736508 825.109278858372 0.0231
1 3.07924548604819 294.376931912814 0.0231
1 2.96165150644607 230.574067989444 0.0231
1 3.34772065383208 3156.66822981136 0.0231
1 3.59836491759565 172.869016127456 0.0231
1 3.75290002119192 -346.942357462613 0.0231
1 3.9609293507998 53.675983344737 0.0231
1 5.23725826679721 330.190223125794 0.0231
1 6.09517134463511 -355.273006040465 0.0231
1 6.2472361193443 -384.733555038608 0.0231
1 6.93835363689381 -2074.64503067149 0.0231
1 9.55887517851987 -1440.30555308377 0.0231
1 9.7238029237246 119.023079347083 0.0231
1 8.63708328401578 1166.51935896784 0.0231
1 8.28546525713869 100.243224709218 0.0231
1 7.04391208962046 271.169497253445 0.0231
1 7.04634809665312 244.170342840388 0.0231
1 6.15358889915631 -2222.51331037044 0.0231
1 5.67134485838702 414.686382953769 0.0231
1 3.84642757682453 555.820990323527 0.0231
1 3.63619697048789 798.157008151696 0.0231
1 3.82069855891969 680.235695904604 0.0231
1 4.60265872358313 663.351701143583 0.0231
1 4.74568700964021 3525.97997568175 0.0231
1 5.36918506134968 3479.47719941355 0.0231
1 5.37928090295245 3607.8623688789 0.0231
1 6.15356274674996 -418.709591007721 0.0231
1 7.50519141083278 -109.631686912325 0.0231
1 8.22791830842762 244.132249828952 0.0231
1 7.78020730394881 1593.67094735608 0.0231
1 6.52486787307913 -381.132300342098 0.0231
1 6.54050139782666 -362.235236438276 0.0231
1 6.59625037462314 1669.18008671684 0.0231
1 6.32153811223189 -268.558660854266 0.0231
1 5.95945971306018 1147.23843471801 0.0231
1 5.7293192039267 -1999.15933316391 0.0231
1 4.9991271329527 1000.93782895123 0.0231
1 4.79383874739307 938.884313322256 0.0231
1 4.66347857982651 931.804873658489 0.0231
1 4.64513453484484 328.045293558793 0.0231
1 4.58225135213234 289.09079401818 0.0231
1 4.55364849588289 421.039125168606 0.0231
1 4.30050906253816 623.86389944287 0.0231
1 4.53123852150989 573.065403577363 0.0231
1 4.58642411078392 2944.53703982016 0.0231
1 4.80834493284246 3702.46196743231 0.0231
1 5.0767890872059 -64.6936543446389 0.0231
1 6.3176175565144 637.533430085036 0.0231
1 6.36158361755734 1481.39033103314 0.0231
1 6.62220119950525 -421.006892620467 0.0231
1 6.44640358642164 60.7495625452059 0.0231
1 6.62533194531349 -2022.34332597009 0.0231
1 6.88466096278382 655.290633877432 0.0231
1 6.92961556369619 136.973678428307 0.0231
1 7.9560958142394 -65.3793285504839 0.0231
1 8.54760502539264 94.625970638257 0.0231
1 8.57424606990018 26.3046895122665 0.0231
1 8.81401245533848 2391.82502527612 0.0231
1 9.28368588018183 2336.6458330955 0.0231
1 9.00202351118755 270.155637102922 0.0231
1 9.49481312782441 324.449899325579 0.0231
1 9.53732948254087 2065.54373116997 0.0231
1 9.5649274878453 32.6134782523707 0.0231
1 8.91837879662184 -2122.33162052585 0.0231
1 9.14041541109163 -3949.54085820741 0.0231
1 9.24379488824456 156.755672290099 0.0231
1 9.73107924337748 1372.94538793862 0.0231
1 9.47835429977593 2210.61363964422 0.0231
1 7.77028608840105 371.538721923566 0.0231
1 7.73369196807045 707.984989619783 0.0231
1 4.95426519269213 142.526467402991 0.0231
1 4.9293780837283 3466.74827313068 0.0231
1 4.04970610783239 -197.409706187078 0.0231
1 3.28518658254414 -489.410220232626 0.0231
1 3.1398078375973 -2124.54980588408 0.0231
1 2.9989546438424 310.625066406021 0.0231
1 2.57855072464665 -729.091448186883 0.0231
1 1.72661285461449 1281.64816045352 0.0231
1 1.2820401259424 -364.306910214055 0.0231
1 1.4576107246954 3389.71248308083 0.0231
1 1.1407532960285 556.635594721923 0.0231
1 1.24699299351222 664.690817007136 0.0231
1 1.21962421936534 -1112.11374794253 0.0231
1 1.09580064610784 3400.2964797967 0.0231
1 1.2619822767437 166.185157736292 0.0231
1 9.86992671486144 1086.33650012707 0.0231
1 9.59511547992803 -2333.06802025217 0.0231
1 8.98710936129019 -2302.30937863357 0.0231
1 7.88554224046568 232.41425346496 0.0231
1 7.03982683590885 2346.62913232333 0.0231
1 6.60239994239693 -2.22697605317172 0.0231
1 5.9620704821242 137.515771283355 0.0231
1 5.0273658252852 2545.52739618806 0.0231
1 4.36604698508729 549.811085211612 0.0231
1 4.26651144641008 203.396169445802 0.0231
1 4.28215157591346 52.840867324797 0.0231
1 4.13707175561472 547.865411396736 0.0231
1 3.49899316824841 -296.554094027954 0.0231
1 3.31277302135995 -338.99263899912 0.0231
1 2.73968180024656 440.996932929333 0.0231
1 2.12501863700449 2500.5190380608 0.0231
1 1.93345977300277 564.714243377969 0.0231
1 1.88584237496743 543.651738285603 0.0231
1 2.00006132349701 221.724768409736 0.0231
1 1.96952992447045 532.314672035969 0.0231
1 1.9380956882924 945.51542754374 0.0231
1 1.78933971458518 335.066128589581 0.0231
1 9.19096736799514 1097.17835722803 0.0231
1 9.30878140294562 -166.557297155703 0.0231
1 5.60314314017012 879.514889883687 0.0231
1 5.3288637548384 -2207.7068498485 0.0231
1 4.27027116749256 197.134264412081 0.0231
1 3.24309910884795 -597.48888437103 0.0231
1 2.99844212574138 521.059652272505 0.0231
1 2.74487525650578 -1063.83818152673 0.0231
1 7.35514588542927 1180.44968022676 0.0231
1 7.51827385223495 32.7131061284331 0.0231
1 4.23150572856149 369.106629654971 0.0231
1 3.21107612801787 467.389529391067 0.0231
1 3.23746946134647 -391.643041266739 0.0231
1 6.40481641862485 -362.109236477373 0.0231
1 6.21666303552872 -304.28111488613 0.0231
1 6.04886101570127 1036.63977136155 0.0231
1 6.01605079534555 1172.8252174763 0.0231
1 4.68145477270812 -2.96832466034617 0.0231
1 4.46355427459857 -498.877798690255 0.0231
1 4.55214279777429 -676.455697077509 0.0231
1 4.2098827329518 647.381938657023 0.0231
1 8.57449840212742 156.720509510312 0.0231
1 7.72001603618574 78.0144874205848 0.0231
1 7.69133951861761 371.040582543251 0.0231
1 7.36994761255817 1640.00377018864 0.0231
1 6.92990903675231 -2279.77882748509 0.0231
1 6.23453324200945 1186.2691202815 0.0231
1 6.11141373853209 1795.54046611279 0.0231
1 6.09945274247062 1170.28177640504 0.0231
1 5.87238461849949 1125.20016248656 0.0231
1 5.69038639110904 2241.67409512267 0.0231
1 5.07703236249752 449.869674362233 0.0231
1 4.75501269604369 869.062753592025 0.0231
1 8.50363272351895 2415.07641341022 0.0231
1 6.15418947051659 -617.836412941061 0.0231
1 6.2201000479927 1507.63641591242 0.0231
1 6.37642058942572 1497.6296748314 0.0231
1 8.92039212936446 2276.03399143779 0.0231
1 9.21227890658591 3897.97581374255 0.0231
1 9.56856286160545 108.08745483335 0.0231
1 9.97494905725267 316.579297116607 0.0231
1 9.09810915754278 -611.732740416381 0.0231
1 9.13286802551609 -508.653051471019 0.0231
1 8.83246022772345 -363.990445195973 0.0231
1 8.80061707120869 -89.7852279542567 0.0231
1 8.35436385764447 -293.828978594468 0.0231
1 7.91437080162202 856.972617808621 0.0231
1 4.95502697403236 -511.808910956895 0.0231
1 3.98011766733939 -735.312329977519 0.0231
1 3.90841724112343 905.793207311114 0.0231
1 3.29025758544526 -842.928017515395 0.0231
1 4.17001969253194 -399.182527299384 0.0231
1 5.27478542892269 3669.27416377676 0.0231
1 9.48473423609962 3046.70249649106 0.0231
1 9.55104639543544 3166.64273834425 0.0231
1 9.46048118002513 3269.66968311993 0.0231
1 9.64487008133121 208.855191007722 0.0231
1 9.67493982569897 -412.696755664158 0.0231
1 9.65206635303955 -12.9897168996184 0.0231
1 9.47289487302624 879.13102953768 0.0231
1 9.31639445668836 -117.197545029811 0.0231
1 9.19305989782714 -66.1353283159023 0.0231
1 9.07356282965319 781.982129449712 0.0231
1 8.92086143273623 -908.193067031571 0.0231
1 8.82824775395724 107.747547962076 0.0231
1 8.67879162361429 431.48540099697 0.0231
1 8.72696318713791 614.706925540026 0.0231
1 8.16549193093096 -685.3518803636 0.0231
1 7.60677150632066 -321.783388525071 0.0231
1 7.54462869070529 -875.315867930799 0.0231
1 7.30208385430252 1055.77125379728 0.0231
1 7.16968249448127 -154.648835734532 0.0231
1 7.01125527846701 -2155.74798225002 0.0231
1 6.88125902477316 -2126.70059591438 0.0231
1 6.61389448883717 -952.615378829049 0.0231
1 6.38184007534758 -256.102246114749 0.0231
1 4.60961490143938 -347.953287381487 0.0231
1 3.87823144670671 -910.551903508943 0.0231
1 3.52415223896222 -528.906812628286 0.0231
1 3.40413190457698 -529.141231160199 0.0231
1 3.19787596337504 347.962078076434 0.0231
1 3.31817304316347 754.218184576288 0.0231
1 3.1485959901621 147.795023907732 0.0231
1 2.77932989279511 -892.369816127456 0.0231
1 2.66237902273613 -606.303021170951 0.0231
1 2.56634454464563 784.13877994331 0.0231
1 2.6106453261657 663.457189482944 0.0231
1 2.60999887795155 -444.82088523116 0.0231
1 2.6591578201062 238.260065604536 0.0231
1 2.51371655042026 301.86367377578 0.0231
1 2.67014904459347 -1007.38433857883 0.0231
1 2.71860560882967 20.8749702668361 0.0231
1 2.60921587137324 -613.294553885251 0.0231
1 2.60297576871136 -288.73916622031 0.0231
1 3.90414355463708 3757.64995030789 0.0231
1 5.07133418426087 -561.690244316294 0.0231
1 9.10597786937617 3033.23515183267 0.0231
1 9.83594688671015 3091.41197099013 0.0231
1 9.67118600519393 3007.6132062946 0.0231
1 9.59481894078078 597.090372866778 0.0231
1 8.9760976724213 434.694004652527 0.0231
1 8.70693520493901 364.555979904213 0.0231
1 8.60572098429714 284.836097663963 0.0231
1 8.51574018406215 586.46535290783 0.0231
1 8.50023571032814 385.366485074773 0.0231
1 8.35879918910182 696.94387676669 0.0231
1 8.36373270708627 443.985769211221 0.0231
1 8.05864118040882 744.340373687812 0.0231
1 7.35558181923374 123.318798944385 0.0231
1 6.94394208822811 -265.977126771576 0.0231
1 6.15317391108965 -353.02551836575 0.0231
1 5.98500608229908 -125.460798279738 0.0231
1 5.49874582299523 -19.6911566806764 0.0231
1 4.85180269052193 14.0914839996092 0.0231
1 4.46764976501704 221.203187176229 0.0231
1 4.40617591302627 -557.321268927769 0.0231
1 4.41315823357589 1.78158084253799 0.0231
1 4.33980237374687 -35.798640054735 0.0231
1 4.07428508125909 436.856515609423 0.0231
1 3.85587538763987 -72.9569075945654 0.0231
1 3.54139073186365 -261.391314241032 0.0231
1 2.96557560445423 -512.641096745186 0.0231
1 3.0881359611137 -513.798538246505 0.0231
1 3.08723768307573 -729.23209930603 0.0231
1 2.64430688407817 694.212900869906 0.0231
1 2.57254997094871 106.185734493208 0.0231
1 2.49967154577414 -724.406007780275 0.0231
1 2.3857240047893 1554.59337808621 0.0231
1 2.35250889283013 -973.472767705992 0.0231
1 2.15502687637087 -972.945326009188 0.0231
1 2.05973500074064 -1203.457859134 0.0231
1 1.88390213167958 -470.138086677744 0.0231
1 1.92577992889665 116.684754491252 0.0231
1 1.95850287422517 -687.813274948686 0.0231
1 1.986496147335 963.539282416186 0.0231
1 1.83869521163037 721.173962271528 0.0231
1 1.93884000773981 -540.964715863551 0.0231
1 1.81082899119106 1254.07175040563 0.0231
1 1.9053104991167 417.355823985926 0.0231
1 2.02168473339904 276.370658430261 0.0231
1 1.78949643036605 -13.5025074381782 0.0231
1 2.0521547665875 513.924538207409 0.0231
1 1.95883816740937 224.068953728863 0.0231
1 1.84165434569639 -1419.99025706187 0.0231
1 1.99912455676362 -465.616739243475 0.0231
1 1.87709745851562 -977.595603636009 0.0231
1 1.99211315044029 1066.89441313655 0.0231
1 2.146582672713 -51.0094725442284 0.0231
1 2.06440582690779 1126.0352785065 0.0231
1 2.7175132888054 3167.1906916626 0.0231
1 2.84525993324332 -312.32167053074 0.0231
1 3.04826206879723 3766.07729653015 0.0231
1 3.99787555682874 3212.67081708533 0.0231
1 5.52848964060312 3223.02039526928 0.0231
1 5.68738450800972 3265.71680062555 0.0231
1 5.79512205440957 -2507.15601274558 0.0231
1 7.30095159308312 3198.0870541687 0.0231
1 8.96303208686811 -1928.85135497996 0.0231
1 9.84829398331371 3018.90338883785 0.0231
1 9.52871767980694 363.079143153162 0.0231
1 8.22256452999738 256.931501671392 0.0231
1 8.20976593325446 406.001176346398 0.0231
1 8.04638980532249 387.865972671294 0.0231
1 7.78253371522103 283.36512137621 0.0231
1 7.74511638728774 -278.289960160297 0.0231
1 7.40484511687084 -206.587191711465 0.0231
1 7.38314852566677 3175.68250298114 0.0231
1 7.26439106505107 1009.13368687323 0.0231
1 6.91332668315411 398.262434561626 0.0231
1 6.6341118266938 238.863693324211 0.0231
1 5.28453626818749 2423.37482943994 0.0231
1 4.7004758925774 -918.381482474832 0.0231
1 4.30626861414265 -295.021582875574 0.0231
1 3.93018562501599 1035.32409735119 0.0231
1 3.73872518142481 -324.315108669729 0.0231
1 3.79235838641025 -639.546499227837 0.0231
1 3.71301087201589 -653.374262379044 0.0231
1 3.51847260486188 -73.1385819567977 0.0231
1 3.36870555787401 791.757382230477 0.0231
1 3.33338623855966 -225.079883647737 0.0231
1 3.34194662104411 704.852571987098 0.0231
1 3.23512987334688 -502.435099912032 0.0231
1 3.27922463425471 1054.08637059916 0.0231
1 3.15888891685279 -281.337401075163 0.0231
1 2.89923109953568 380.209277372691 0.0231
1 3.06035488386048 1356.35734657414 0.0231
1 3.06682570718736 -660.494725285896 0.0231
1 3.00655261937575 -83.816346085426 0.0231
1 2.89839945356812 122.671217749976 0.0231
1 2.79442922580424 -464.093018786042 0.0231
1 2.61699849092836 -1057.80483456163 0.0231
1 2.43290535474869 785.15850055713 0.0231
1 2.55339077702036 953.881238901378 0.0231
1 2.35914687287721 -284.604609363699 0.0231
1 2.30491732875165 -64.4357939595343 0.0231
1 2.03763367529829 -475.837387234874 0.0231
1 2.12238055156916 1336.66032943016 0.0231
1 2.24612042330127 -31.8604087185997 0.0231
1 1.73357494690523 895.226791985144 0.0231
1 1.93672208442218 873.247124386668 0.0231
1 1.91725312606419 548.829457609227 0.0231
1 1.78815396065685 781.985059681361 0.0231
1 1.56279055603292 252.363270530741 0.0231
1 1.72858578584906 -398.411876375721 0.0231
1 1.68953144889919 161.487996403089 0.0231
1 1.5505471278414 -217.074490782914 0.0231
1 1.37949812552614 899.417023243085 0.0231
1 1.54324905288406 -853.29224685759 0.0231
1 1.44784445290326 577.554518463493 0.0231
1 1.51397460058406 258.71015228228 0.0231
1 1.21863581074882 75.802162525658 0.0231
1 1.24445033749523 362.024259759555 0.0231
1 1.35488421454931 -1647.06562846252 0.0231
1 1.21603038877931 511.893887674715 0.0231
1 1.05592860779819 -1674.5277594761 0.0231
1 1.30042119400434 -434.424423340826 0.0231
1 1.14060614241472 475.224968820252 0.0231
1 1.31946386062711 1093.38956770599 0.0231
1 1.20560656434914 424.555403147297 0.0231
1 1.3526037556428 723.207543035872 0.0231
1 1.03978421757522 37.3516628286583 0.0231
1 1.39254558041464 -228.133185025902 0.0231
1 1.124120305858 46.1511484703357 0.0231
1 1.23942805036367 924.315201563875 0.0231
1 1.33041987525718 200.278402971362 0.0231
1 1.34029896371293 811.949608523116 0.0231
1 1.30643466730178 334.544547356075 0.0231
1 1.51566256118527 -728.760332010556 0.0231
1 1.67562250838627 345.68821831688 0.0231
1 1.959450922728 -1407.51626093246 0.0231
1 1.87882293956057 3703.09489746848 0.0231
1 1.80416807634783 666.747839624671 0.0231
1 2.86204309715788 293.002653269475 0.0231
1 3.20210262915028 780.766083315414 0.0231
1 6.20903591657099 -2244.99111734923 0.0231
1 8.02698439201324 2750.2919838139 0.0231
1 8.76927524797391 3225.08620858176 0.0231
1 8.89419961964851 341.316312696707 0.0231
1 9.74260527973754 284.560655888966 0.0231
1 9.90626878686889 76.0893252272505 0.0231
1 8.77433280417815 520.611326830222 0.0231
1 8.25853766369127 701.635177636596 0.0231
1 8.13698477793658 537.255042596032 0.0231
1 7.82657726846 232.859648675595 0.0231
1 7.77449714008648 357.954167999219 0.0231
1 7.27633910754128 308.500648460561 0.0231
1 7.23995036467247 -442.095769797673 0.0231
1 6.61292254970264 2340.16797153748 0.0231
1 6.61802733188292 348.313705874304 0.0231
1 6.6291558967191 2309.0752835109 0.0231
1 6.51244279440284 790.333289649106 0.0231
1 6.49163958021174 3214.07146781351 0.0231
1 5.22465702433988 -592.656932381976 0.0231
1 4.68684310295066 -8.92255537093085 0.0231
1 4.78181403904687 826.887929469261 0.0231
1 4.44202956148261 341.125847639527 0.0231
1 4.34372659427154 510.279330036165 0.0231
1 4.1920324620946 2557.26590417359 0.0231
1 3.65933610197354 774.340085309354 0.0231
1 3.60841210864209 -633.431105776562 0.0231
1 3.29456912156945 -7.5101837161564 0.0231
1 2.94527724245016 643.297195738442 0.0231
1 2.88019012137919 2918.02430386082 0.0231
1 2.25085416902971 -897.462558733262 0.0231
1 1.95127562851312 -1762.89182508064 0.0231
1 2.09967537024357 6.49339333398502 0.0231
1 2.03682212963244 -975.154720672466 0.0231
1 1.97323361292221 542.980715238003 0.0231
1 1.90086405657701 -1963.52771631317 0.0231
1 1.91451952016998 -268.889777030593 0.0231
1 1.69299618736592 187.045476844883 0.0231
1 1.62918084338975 1483.09279562115 0.0231
1 1.29676855022221 431.494191691917 0.0231
1 1.35803976777896 90.6203439741967 0.0231
1 1.40588176507544 -244.557133418043 0.0231
1 1.38861475158239 176.355991789659 0.0231
1 1.2263328261143 71.0200244746366 0.0231
1 1.24694068071829 -220.01644335842 0.0231
1 1.17572034965607 -47.853613058352 0.0231
1 1.22462051779353 228.417417495847 0.0231
1 1.12756755938266 -1953.26018461539 0.0231
1 0.998951999145201 -36.5487793568566 0.0231
1 0.914269318373418 -641.509754432606 0.0231
1 0.978692270851108 -98.6374577656141 0.0231
1 1.17490794450567 316.954366767667 0.0231
1 1.14946550231416 663.205189561139 0.0231
1 0.994838814184932 -256.729315687615 0.0231
1 1.16090300558286 -711.618476864432 0.0231
1 0.967585309395037 -44.6186373179551 0.0231
1 0.932014815326277 -198.127612941062 0.0231
1 0.940246143999744 1137.22583317369 0.0231
1 0.732776065709589 594.286141178771 0.0231
1 0.771432240520607 1916.15173101359 0.0231
1 0.853038536362328 -127.831355683706 0.0231
1 0.819961335096828 874.72396113772 0.0231
1 0.833110293032707 311.296089453622 0.0231
1 0.779491317151829 -870.876566982699 0.0231
1 0.6304291974146 214.487096236927 0.0231
1 0.827149304004494 819.354303899912 0.0231
1 0.638583900058538 2152.0617508357 0.0231
1 0.743324731192037 -1828.3356187274 0.0231
1 0.685282986983627 -453.96320797576 0.0231
1 0.766370333901778 1091.14208003128 0.0231
1 0.539290149069035 -776.901107770502 0.0231
1 0.517236082774837 -1118.55146687518 0.0231
1 0.715234422745219 -1136.46397294497 0.0231
1 0.683236244470774 -65.514119206333 0.0231
1 0.534456863035028 0.694464900792162 0.0231
1 0.67068733220481 -111.574430495552 0.0231
1 0.573655579256102 -465.021902218746 0.0231
1 0.573663247556059 300.764836907438 0.0231
1 0.359273977831726 -1203.0681383247 0.0231
1 0.41003847161814 -1440.81834362232 0.0231
1 0.526665239061773 -8.91962513928247 0.0231
1 0.650890117272473 745.427489629558 0.0231
1 0.513926951494184 1424.73430210146 0.0231
1 0.329183728950445 -1243.42035836184 0.0231
1 0.650910651024116 -894.145536506696 0.0231
1 0.375996602774618 -550.962666249634 0.0231
1 0.351450939637944 101.904666054149 0.0231
1 0.367266442653882 -665.048305268302 0.0231
1 0.574053194227084 -1457.62322212882 0.0231
1 0.381377072576067 -285.873399667677 0.0231
1 0.332505653833217 13.7984608347179 0.0231
1 0.378584340692421 -97.5884348353044 0.0231
1 0.62062842441856 -1158.73080324504 0.0231
1 0.675920055363099 -1657.60860193529 0.0231
1 0.463951983382135 -873.953310214055 0.0231
1 0.74910985828258 -1871.3455588701 0.0231
1 0.580596712339467 1430.94639319715 0.0231
1 0.481340219302136 -247.132807037435 0.0231
1 0.457842417235412 -119.143218844688 0.0231
1 0.629707738684392 -171.456644472681 0.0231
1 0.531024683914105 2726.84133992767 0.0231
1 0.51292001495056 735.860283295865 0.0231
1 0.690377430288255 605.793160864041 0.0231
1 0.573563517390351 1951.36139450689 0.0231
1 0.615174158107671 1117.88630429088 0.0231
1 0.822035679681148 -1302.22131686052 0.0231
1 0.834447015182175 661.162818101848 0.0231
1 0.855518712461163 -1027.58828579806 0.0231
1 0.868470197551614 546.335830476005 0.0231
1 0.951371612757033 -1788.8126542469 0.0231
1 0.820904627482811 2352.59215372886 0.0231
1 0.856259550518121 1181.9558192943 0.0231
1 0.974290592494866 -1677.8945956407 0.0231
1 0.968503761322745 432.736609911055 0.0231
1 0.963700005759509 1765.64038236732 0.0231
1 1.09087856847556 612.84036797967 0.0231
1 1.04703436437763 134.277865311309 0.0231
1 1.13528203022424 964.157561294107 0.0231
1 1.18949665465267 -1410.52267860424 0.0231
1 1.25923057471866 844.272993842245 0.0231
1 1.28003830563852 1275.57379024533 0.0231
1 1.2879412619846 -417.153638002151 0.0231
1 1.29257674970982 911.518879953084 0.0231
1 1.35370717020445 -25.7977594370045 0.0231
1 1.31189412677102 160.143020076239 0.0231
1 1.29981884641814 80.3323006548727 0.0231
1 1.40590486379434 -459.398787684488 0.0231
1 2.16149283097517 -1561.74314330955 0.0231
1 2.1344012849063 10.563485094321 0.0231
1 2.18135556075521 126.74716997361 0.0231
1 2.47465322450836 -40.1939875281006 0.0231
1 2.39193126631275 3852.76819986316 0.0231
1 2.43722507147904 -408.790756876161 0.0231
1 2.48049262677217 227.966161821914 0.0231
1 2.45053405840935 3680.91011365458 0.0231
1 3.40428156486311 638.939941276513 0.0231
1 3.37526931589252 -279.769727142997 0.0231
1 5.07431104034896 -787.230174332909 0.0231
1 5.07436680398653 -632.458268869123 0.0231
1 5.6459077341444 -591.268002580393 0.0231
1 6.28547427785303 -434.776051138696 0.0231
1 8.44213996728908 3221.71351195387 0.0231
1 8.84903213747557 3222.98230225785 0.0231
1 8.87660659057534 400.612480344053 0.0231
1 8.99592311626103 392.100157403969 0.0231
1 9.12194890066955 3321.27106245724 0.0231
1 9.13548641650912 3301.24585936859 0.0231
1 9.19658173438464 3250.41806118659 0.0231
1 9.40112848062213 3073.40276727593 0.0231
1 7.75573597969955 731.626098563191 0.0231
1 7.35575075748077 597.735023829539 0.0231
1 7.2962523930312 671.277977753886 0.0231
1 6.91544702059696 512.403747981625 0.0231
1 4.02897077519259 -793.603428169289 0.0231
1 3.88940492441012 -91.2386228521156 0.0231
1 2.74678281361574 346.350450669534 0.0231
1 2.15158698234494 99.4051784576291 0.0231
1 2.07500314329869 -756.594602443554 0.0231
1 1.85303304846241 743.323583305641 0.0231
1 1.73227241442634 -602.279813116997 0.0231
1 1.67343051084352 -177.96468896491 0.0231
1 1.45355048788271 -607.278788310038 0.0231
1 1.39163760731307 -589.023445137328 0.0231
1 1.20880430991359 1145.5242492034 0.0231
1 1.09833387612908 -1296.642155801 0.0231
1 1.02131834652903 1710.1505856319 0.0231
1 0.924116189270861 664.761142566709 0.0231
1 0.88325323019609 49.3187288828076 0.0231
1 0.887113286581394 1354.61678897469 0.0231
1 0.832207158713264 -438.843212667383 0.0231
1 0.819905111321358 1156.48331557033 0.0231
1 0.768361594619308 -5.25390534649575 0.0231
1 0.826558867762842 -1080.43208335451 0.0231
1 0.747877246577773 -1736.05969387157 0.0231
1 0.798527375225374 -430.245913009481 0.0231
1 0.626092368336252 -972.93946554589 0.0231
1 0.598125721322752 8.28962533476696 0.0231
1 0.594977974709552 1215.90841341022 0.0231
1 0.500164608685405 296.811954413059 0.0231
1 0.481690169938253 -6.93878854461875 0.0231
1 0.474947371663905 -179.799013977128 0.0231
1 0.453173755832618 -483.72557083374 0.0231
1 0.468037757771529 -502.335472035969 0.0231
1 0.616733099116163 -115.621080402697 0.0231
1 0.127888500441959 216.256956152869 0.0231
1 0.236322474397877 -118.530800430066 0.0231
1 0.34327046759032 1183.80186523312 0.0231
1 0.401938717611012 249.45941096667 0.0231
1 0.21766896834748 -716.614521825823 0.0231
1 0.328034495553274 931.18366454892 0.0231
1 0.331552196187805 -242.107459759554 0.0231
1 0.287369874010575 1249.20463563679 0.0231
1 0.155582201936139 -1192.27609516176 0.0231
1 0.258112492673026 982.125741765224 0.0231
1 0.241496962682591 2435.08403510898 0.0231
1 0.335569598854114 1632.64888874988 0.0231
1 0.223861172330577 863.422057667873 0.0231
1 0.346994248493883 1092.18231226664 0.0231
1 0.118244543469854 1902.04266562408 0.0231
1 0.0641519475602053 151.583813429772 0.0231
1 0.174214575000925 -831.872253504056 0.0231
1 0.246150658002876 81.296346867364 0.0231
1 0.0462564109152761 528.660673169779 0.0231
1 0.153693746937534 1111.20244589972 0.0231
1 0.163545103240794 276.959634991692 0.0231
1 0.149226339671531 -30.7674323135561 0.0231
1 0.413722032207027 2479.97518397029 0.0231
1 0.259729697764433 -2292.35538172222 0.0231
1 0.286502915789515 -7.19957916137173 0.0231
1 0.26708992869781 -1272.99811662594 0.0231
1 0.302246493344446 -3133.79777179161 0.0231
1 0.250338488147232 230.823137679601 0.0231
1 0.332986095832539 492.053289179944 0.0231
1 0.236182621810194 -250.877643084742 0.0231
1 0.226342537569474 -1411.89988747923 0.0231
1 0.340988105204047 -248.770806529176 0.0231
1 0.425865388673022 1197.94316317076 0.0231
1 0.415682920787993 780.719199609032 0.0231
1 0.433563713897079 -1176.79568136057 0.0231
1 0.423360849641087 746.485303254815 0.0231
1 0.474770763631825 1351.53418528003 0.0231
1 0.414785882052413 -524.73123252859 0.0231
1 0.360506955842579 1453.83443260678 0.0231
1 0.469532969654499 -145.280885152966 0.0231
1 0.437126020422717 706.449548235754 0.0231
1 0.418069418851332 553.684851451472 0.0231
1 0.479443786174747 625.161992063338 0.0231
1 0.448903647118132 -1059.50143868635 0.0231
1 0.468388739709945 -541.336855282963 0.0231
1 0.481860909054997 335.789895806861 0.0231
1 0.47972641899718 -998.898387723585 0.0231
1 0.516868424539721 304.949207702083 0.0231
1 0.543977305787592 566.460661440719 0.0231
1 0.541490012724353 -1166.21754510801 0.0231
1 0.588133863488436 1222.22013238198 0.0231
1 0.667267394548334 -1705.26002900987 0.0231
1 0.71637462204275 -1430.37206779396 0.0231
1 0.687074650570424 722.779729215131 0.0231
1 0.551127665479115 -347.094729508357 0.0231
1 0.590246476347917 -169.018691740788 0.0231
1 0.578841930489433 524.452860521944 0.0231
1 0.528927753660432 423.228008210341 0.0231
1 0.53765188779113 1190.06670049849 0.0231
1 0.563509016108802 -769.862691349819 0.0231
1 0.569543890108838 2973.97414696511 0.0231
1 0.588674642852007 873.209031375232 0.0231
1 0.559522638593302 -708.456756915258 0.0231
1 0.695626301637871 141.632746750073 0.0231
1 0.682695994832074 660.154818414623 0.0231
1 0.705312192262386 -540.484157873131 0.0231
1 0.799723984993881 -1093.00277712834 0.0231
1 0.763898052799077 41.5653359397915 0.0231
1 0.764996762702396 -567.351451861988 0.0231
1 0.778693583265202 -1898.05462034992 0.0231
1 0.703639435759397 1661.3475775193 0.0231
1 0.693797294078953 157.819346378654 0.0231
1 0.744169512977369 -319.717575212589 0.0231
1 0.857333576322282 496.571706382564 0.0231
1 0.874281157034997 96.422202639039 0.0231
1 0.912154348232724 -1091.73691705601 0.0231
1 0.942065068461474 1090.68496389405 0.0231
1 0.961407424629303 -114.425545889942 0.0231
1 1.11840770108679 -1098.18928714691 0.0231
1 1.16826905018367 776.171480089923 0.0231
1 0.935973443245019 927.427107575018 0.0231
1 0.979937529900998 701.790479913987 0.0231
1 1.06607193224458 -1613.87196434366 0.0231
1 1.04396366901155 215.404258743036 0.0231
1 1.43713887052661 522.785558713714 0.0231
1 1.26489531969013 -1972.02831832665 0.0231
1 1.28670087480601 -955.580773257745 0.0231
1 1.39889412713255 -1118.7683040172 0.0231
1 1.33748994275222 1266.50179306031 0.0231
1 1.46069875411466 -684.683787547649 0.0231
1 1.56100776892629 -1512.85808871078 0.0231
1 1.53910508768928 816.007979356857 0.0231
1 1.65567931161376 -815.266630749682 0.0231
1 1.83875356255936 -1269.85690829831 0.0231
1 1.86752279088302 -562.701174235167 0.0231
1 1.83958428010369 -729.369820193529 0.0231
1 1.69629279094787 -879.957354862673 0.0231
1 1.71077135507186 1009.10145432509 0.0231
1 1.75576844532288 -581.056145283941 0.0231
1 1.78958001509792 -736.604562134688 0.0231
1 1.86916936616972 -621.329249066562 0.0231
1 1.97398692510468 -965.698863141433 0.0231
1 2.72776997359188 767.395436301438 0.0231
1 2.78783496335681 288.630747649302 0.0231
1 2.89831880533089 -633.548315042518 0.0231
1 2.92626807958837 122.322520183755 0.0231
1 3.11981758459272 367.046676805786 0.0231
1 3.18842056873497 -751.205906441208 0.0231
1 3.47645240413032 -10.7217176033622 0.0231
1 3.6000648649699 -798.098403518717 0.0231
1 5.43903678990824 -754.332463610595 0.0231
1 5.44179497612691 -522.562861108396 0.0231
1 5.21727544722594 -484.540175232138 0.0231
1 5.62537823890185 -702.684200566904 0.0231
1 5.87494208945593 2820.99554327045 0.0231
1 6.46951066602944 2756.31654008406 0.0231
1 6.91807231952221 101.242433701496 0.0231
1 7.67880705994671 41.4598476004304 0.0231
1 7.75883818473046 9.38553197145997 0.0231
1 8.7856093231368 415.858475613333 0.0231
1 8.94958698297821 3517.7870479914 0.0231
1 9.14090777001765 -596.35781495455 0.0231
1 9.15437993489502 -698.411922822793 0.0231
1 9.16109147221205 -45.3863580099691 0.0231
1 9.05872134938011 -268.511777147884 0.0231
1 8.98444279401352 -121.68959014759 0.0231
1 8.97402554521323 -261.233081731991 0.0231
1 8.97152040696268 173.302690411495 0.0231
1 8.99351698088201 -182.421571302903 0.0231
1 9.06578946205418 -697.430295220408 0.0231
1 8.93104903639149 -153.435719831884 0.0231
1 8.9389758653648 -577.323030163229 0.0231
1 8.79784547741082 -405.201223106245 0.0231
1 8.81609391482125 -352.870216088359 0.0231
1 8.08844860480625 -233.035462574528 0.0231
1 8.05910292732255 -96.8617373863749 0.0231
1 7.28921488516812 710.856616635715 0.0231
1 7.21034555053951 -411.852848949271 0.0231
1 7.37740338058202 112.761174313362 0.0231
1 7.36875570957617 -348.21407799824 0.0231
1 7.23658150777947 -319.433342742644 0.0231
1 7.23369831173544 -146.165815110938 0.0231
1 7.2811088957433 959.234772123938 0.0231
1 7.02245631126686 152.058510956896 0.0231
1 5.89159570050537 -2308.32221397713 0.0231
1 5.63544970872159 808.773237415698 0.0231
1 4.60010451200611 -20.9921795327919 0.0231
1 3.54964427979745 -770.431156289708 0.0231
1 3.44309334375726 -2.31195277099012 0.0231
1 3.39807700140925 -1108.00263293911 0.0231
1 3.15366693442827 -152.032138872055 0.0231
1 3.19797942032808 -419.934427836966 0.0231
1 3.00925988728095 3646.96631023361 0.0231
1 2.88039964931837 -491.01305694458 0.0231
1 2.89253905051291 -374.18765133418 0.0231
1 3.01257167760155 -831.883974430652 0.0231
1 2.79017442257522 -1195.42023372104 0.0231
1 3.35171667302967 -459.943810771185 0.0231
1 3.63569105341042 524.67848835891 0.0231
1 3.73421360257099 513.145096588799 0.0231
1 4.05701686290353 -589.061538148763 0.0231
1 4.65052939373197 3700.54266570228 0.0231
1 6.32160786219813 334.966500713518 0.0231
1 7.61848078318591 3932.01631480794 0.0231
1 9.25469616344587 71.2749546280918 0.0231
1 9.26946172188156 -106.941734258625 0.0231
1 9.06549000294697 652.873192767081 0.0231
1 9.0099277286549 -116.848847463591 0.0231
1 8.77635978860123 488.235197341413 0.0231
1 8.79727513399384 952.518681184636 0.0231
1 8.70419023216426 859.791500654873 0.0231
1 8.66491147027123 881.642238060796 0.0231
1 8.80167314658067 747.437628540711 0.0231
1 8.75796704936153 227.283417847719 0.0231
1 8.67829332965958 445.474326888867 0.0231
1 8.64065045032961 2417.83376139185 0.0231
1 8.59971876482003 435.578934610498 0.0231
1 8.48024302322596 366.52509557228 0.0231
1 7.56496688399115 233.993648323723 0.0231
1 6.97819211235934 -253.775642185514 0.0231
1 7.0144866396004 -376.183139087088 0.0231
1 6.88194170267905 -2050.98634033819 0.0231
1 6.51192131297685 282.15493570521 0.0231
1 6.51006049128776 235.71955476493 0.0231
1 5.87304927300997 590.687816713909 0.0231
1 4.93845278874628 -827.189743329097 0.0231
1 4.31515020958715 464.816786003324 0.0231
1 4.21780109806018 -843.1800174372 0.0231
1 4.08797238591456 275.318705268303 0.0231
1 3.78835872787961 157.77539290392 0.0231
1 3.78288770629391 -1289.72973934122 0.0231
1 3.77717276429664 172.010458254325 0.0231
1 3.75763405754099 -1080.16543227446 0.0231
1 3.26250567140585 -832.575509099795 0.0231
1 3.10398288890348 926.999293754277 0.0231
1 3.03456710938162 1182.04079601212 0.0231
1 2.84749924160463 -1531.84892002737 0.0231
1 2.58208031824572 -150.150930153455 0.0231
1 2.59682358839175 1071.81720230672 0.0231
1 2.52746174160565 -283.913074694556 0.0231
1 2.36855764791182 -97.6939231746645 0.0231
1 2.30335645019211 -1149.61778281693 0.0231
1 2.54393925362838 -375.972162408366 0.0231
1 2.33427770171842 -330.943292659563 0.0231
1 2.22240261004775 22.0851559378365 0.0231
1 2.22089458574672 345.594450904116 0.0231
1 2.22533908988881 362.431561958753 0.0231
1 2.12143405782269 398.406015912424 0.0231
1 2.280113665261 250.631503626234 0.0231
1 2.62621559018251 455.589486540905 0.0231
1 2.9141618679833 -1147.51973695631 0.0231
1 2.96920723196521 -292.979211416284 0.0231
1 3.0964595575346 3745.87041907927 0.0231
1 2.9730999780643 3753.43920742841 0.0231
1 3.25116910596524 573.270519792787 0.0231
1 3.69144986077373 -945.360125266347 0.0231
1 7.34013317484529 -2913.45607272016 0.0231
1 7.26844914775765 89.3222513537296 0.0231
1 9.9358734720602 -708.629640582543 0.0231
1 9.64195282813446 218.911746026782 0.0231
1 9.51326881226437 3.32581292151312 0.0231
1 9.16127465538114 -58.8800747532011 0.0231
1 8.66799996681173 306.238509627603 0.0231
1 8.25802406932909 -312.711391340045 0.0231
1 8.17474621515185 519.755699188741 0.0231
1 7.08744344079196 929.744920809306 0.0231
1 6.80303881695055 -445.544652448441 0.0231
1 6.55378676495013 443.968187821327 0.0231
1 6.08067888559797 -1004.36619998045 0.0231
1 5.81151813542653 396.542388583717 0.0231
1 5.7959698235673 -1058.89781096667 0.0231
1 5.71173278861207 407.3432224416 0.0231
1 5.51137145995509 -466.232087889747 0.0231
1 4.86688829261579 954.73686654286 0.0231
1 4.44363736242802 800.501193470824 0.0231
1 4.24857017704073 1018.98219544522 0.0231
1 4.24332754187027 990.350902003714 0.0231
1 4.17625535419099 880.912610380218 0.0231
1 3.88418936264248 -923.667620369465 0.0231
1 3.88639790451137 -1007.55136178282 0.0231
1 3.67961826498829 1023.72917071645 0.0231
1 3.67643469913331 -660.56212061382 0.0231
1 3.5691367138891 903.381626664061 0.0231
1 3.41911180523492 75.3860696315122 0.0231
1 3.15998900755356 -1249.74086802854 0.0231
1 2.86333470016453 601.38609246408 0.0231
1 2.85951823072441 -99.9443410810284 0.0231
1 2.96937881005141 1282.85834612452 0.0231
1 2.96627736874 999.9356897273 0.0231
1 2.793509870836 -525.683557814486 0.0231
1 2.85496859841177 -620.661156250611 0.0231
1 2.54519292168667 -749.400883745479 0.0231
1 2.33186923490075 619.327900850357 0.0231
1 2.16699858439705 1212.67929813313 0.0231
1 2.23668529573074 1483.75795820545 0.0231
1 2.20057211545782 159.882229459486 0.0231
1 1.93705585293242 515.348630788779 0.0231
1 1.90083416115663 -644.741799941355 0.0231
1 1.72917614876563 410.712988837847 0.0231
1 1.8649210045012 -86.0579732968427 0.0231
1 1.77053825273144 -788.150267070668 0.0231
1 1.55493082849757 647.666171126967 0.0231
1 1.76892185413694 -1284.38499681361 0.0231
1 1.66284105772957 -5.53520758479149 0.0231
1 1.72592768832738 -451.671766826312 0.0231
1 1.7724906875614 365.563979591438 0.0231
1 1.6974912455699 1060.09920594272 0.0231
1 1.75100104158887 1389.07045270257 0.0231
1 1.59144459234463 412.002290763367 0.0231
1 1.65646967829666 417.836381976347 0.0231
1 1.617037781135 474.231620291272 0.0231
1 1.51492516487134 776.350224220507 0.0231
1 1.47448370396629 993.811505581078 0.0231
1 1.61360853833855 602.6753943896 0.0231
1 1.65965827880399 516.385932792494 0.0231
1 1.62637961973597 92.4751806079565 0.0231
1 1.72055336556791 1143.00131975369 0.0231
1 1.47935469311857 1427.70555699345 0.0231
1 1.75835976848564 3266.12410282475 0.0231
1 1.73190356593167 119.08461421171 0.0231
1 1.77910751685644 239.089321161177 0.0231
1 1.6611197806486 32.2032458215227 0.0231
1 1.64295865476076 -474.041155234092 0.0231
1 2.87812233767757 3.8034406802862 0.0231
1 5.02220804057241 -554.669409285505 0.0231
1 5.52513680363568 -268.544009696021 0.0231
1 6.81830226593639 3047.73393803147 0.0231
1 9.10966672999099 7.97902077998229 0.0231
1 8.14507607843472 784.384919401819 0.0231
1 8.36233341648415 440.085630886522 0.0231
1 7.46640075886451 -273.923915003421 0.0231
1 7.29107567841154 951.077007213371 0.0231
1 7.2770861827452 784.042082298896 0.0231
1 7.07985634019495 -222.554023966376 0.0231
1 7.03891061567026 2300.43696060991 0.0231
1 7.01680375257758 -413.731127436223 0.0231
1 6.69231585074088 -268.412149271821 0.0231
1 6.45438075238999 748.137953904799 0.0231
1 5.9168508689963 493.099381878605 0.0231
1 5.85572116993277 569.903683628189 0.0231
1 5.74301046102047 470.017947180139 0.0231
1 5.12670364263891 1152.90257249536 0.0231
1 4.58078056314035 -914.258646544815 0.0231
1 4.15398092906694 2730.36640860131 0.0231
1 3.40999982210139 669.657559652038 0.0231
1 3.43169116103647 -90.2921580295177 0.0231
1 3.4027745126993 121.463962310625 0.0231
1 2.15126157577919 1549.11970536605 0.0231
1 2.04548150872112 -1806.11567213371 0.0231
1 1.6865396970339 377.753743250904 0.0231
1 1.63136487798573 1650.99799933535 0.0231
1 1.7571354110784 904.266556622031 0.0231
1 1.64044413854495 33.6625011826805 0.0231
1 1.45737235381273 50.224170462321 0.0231
1 1.40245877017021 -141.960932694751 0.0231
1 1.42925944771264 96.8969001661616 0.0231
1 1.2360449318369 -105.71982766103 0.0231
1 1.24339601398864 493.506684077803 0.0231
1 1.30154825946716 -509.789981350797 0.0231
1 1.16117508814842 399.912154979963 0.0231
1 1.11567811337079 163.061530798554 0.0231
1 1.06052076908287 512.857933887206 0.0231
1 1.06038104966792 665.634351598084 0.0231
1 1.06754815226596 650.030868067638 0.0231
1 1.19508439183097 397.005365184244 0.0231
1 1.20232131563907 825.671883334963 0.0231
1 1.11632872462394 672.227372808133 0.0231
1 1.00067745607177 1348.99953490372 0.0231
1 0.934929400976469 377.179417847718 0.0231
1 0.946524876671987 301.972092346789 0.0231
1 0.964822102824636 403.914851412375 0.0231
1 0.976529007383413 1284.98276406998 0.0231
1 1.00621676767592 20.0662263317377 0.0231
1 0.892284087886118 -1327.02572776855 0.0231
1 0.895272374403205 -867.430614563581 0.0231
1 1.09729777954594 -2038.5973209266 0.0231
1 1.14191367458133 -709.790012315511 0.0231
1 0.880045914435464 709.787082083863 0.0231
1 0.789170514172959 295.932884918386 0.0231
1 1.00495271663425 1380.03654852898 0.0231
1 0.897666769531181 416.825452057473 0.0231
1 0.889327411589299 -1901.40094489297 0.0231
1 0.745303520187318 -1918.58675351383 0.0231
1 0.959539532019526 756.585811748608 0.0231
1 0.874954818167287 682.922718326654 0.0231
1 0.933266446713322 737.096841051706 0.0231
1 0.726139435088526 558.847919616851 0.0231
1 0.979911634285723 -1136.87420537582 0.0231
1 0.763598569490435 49.5707288046134 0.0231
1 0.770954793663396 190.169103782622 0.0231
1 0.942364388794137 602.476138637474 0.0231
1 0.718724599077947 633.562966200762 0.0231
1 0.886785361389696 93.7029476688502 0.0231
1 0.870519741886518 -641.750033427818 0.0231
1 0.736092232513609 -933.800361411397 0.0231
1 0.74967628655974 1597.28978344248 0.0231
1 0.825376172698152 1211.26985671 0.0231
1 0.983405691003637 -1241.68859145734 0.0231
1 0.806083626263525 -864.07256909393 0.0231
1 0.809437083035512 -1010.40540740886 0.0231
1 0.93692776183215 753.46218481087 0.0231
1 1.01295821346868 -81.2553236242785 0.0231
1 0.909895805970533 -1013.53489480989 0.0231
1 0.935419720703049 333.401757013 0.0231
1 0.990001762519453 835.429554725834 0.0231
1 1.03089822269049 -1316.19852182582 0.0231
1 1.22359768781747 -327.526642556935 0.0231
1 1.2980511866546 1161.6639651256 0.0231
1 1.52994820996496 -849.890247913204 0.0231
1 1.70259321365928 -1434.98718264099 0.0231
1 1.67231662582833 -1476.6433557619 0.0231
1 1.93748374861884 -535.839740709608 0.0231
1 1.98358329470849 3575.07307672759 0.0231
1 2.04537307608916 -1331.68186585866 0.0231
1 2.38332572720056 -1385.34319804516 0.0231
1 2.81389466696444 -578.295867070667 0.0231
1 3.04290887994492 649.046310233604 0.0231
1 3.61398334487767 -1027.78168108689 0.0231
1 4.68999384126852 3280.6434006451 0.0231
1 4.86115015268354 3276.40042521748 0.0231
1 5.23081639892671 -2390.08446767667 0.0231
1 6.99834197070904 3388.38508814388 0.0231
1 7.05979450189701 3262.85689453621 0.0231
1 7.06429775695928 3387.98657663963 0.0231
1 7.96003973477408 722.369496784284 0.0231
1 7.96423184559121 649.975193666309 0.0231
1 7.08121172526602 2336.28834483433 0.0231
1 4.90106767107067 -119.614986140162 0.0231
1 4.24778456424866 2630.34295126576 0.0231
1 3.14130328400534 45.1988231844399 0.0231
1 2.64784556759243 -715.339871058547 0.0231
1 2.6271172760168 -3.56902214837275 0.0231
1 2.56682756925874 19.7644124718992 0.0231
1 2.24460260750311 -1215.46301819959 0.0231
1 2.07783254461442 -893.266467012022 0.0231
1 1.68805422952509 -85.0851363894042 0.0231
1 1.52937665097224 722.776798983482 0.0231
1 1.44773744520411 -607.832602091682 0.0231
1 1.38920736442375 -642.52361458313 0.0231
1 1.11829666117561 8.00832309647224 0.0231
1 1.29928706793171 -457.461904564558 0.0231
1 1.3049302477132 46.7430552634151 0.0231
1 1.24087192374041 -676.033743720066 0.0231
1 1.06654779346326 -342.195382191379 0.0231
1 1.00862071635923 632.109571302904 0.0231
1 0.861412361925941 -283.795865428599 0.0231
1 1.03751857329606 -968.101653093539 0.0231
1 1.03182279461048 462.188368214251 0.0231
1 1.0453479147377 1145.16676094223 0.0231
1 0.83080498958775 -596.184931287264 0.0231
1 0.780642166219367 -654.256262105366 0.0231
1 0.719673973957603 -788.323150737953 0.0231
1 0.563521236693925 500.753146945558 0.0231
1 0.482965207157879 121.507915785359 0.0231
1 0.40921273358521 -1045.47441978301 0.0231
1 0.397245683555898 21.5459933144372 0.0231
1 0.453296201555327 -853.380153807057 0.0231
1 0.411583934286607 1149.53573633076 0.0231
1 0.321370999196065 -2307.26733058352 0.0231
1 0.394513210681173 197.673427035481 0.0231
1 0.167480627076522 -892.753676473463 0.0231
1 0.28333224478742 -351.302542156191 0.0231
1 0.360558867516278 -1208.30739251295 0.0231
1 0.240317391764809 1548.5717520477 0.0231
1 0.308062526244424 76.0014182777838 0.0231
1 0.27168692145001 -1157.72280355781 0.0231
1 0.291250251481378 639.45859227837 0.0231
1 0.221996569010592 366.431328159516 0.0231
1 0.229357668092654 -2508.93759358811 0.0231
1 0.258674583668535 -2363.5277782426 0.0231
1 0.0751617687721979 -911.741577558401 0.0231
1 0.232336960458866 -744.457582953768 0.0231
1 0.273345118610064 -1498.06627934708 0.0231
1 0.19705237209285 168.939575486267 0.0231
1 0.285894587308356 -983.259741413351 0.0231
1 0.282152495046145 -1371.25171404555 0.0231
1 0.0485553068377831 -1232.85394303587 0.0231
1 0.251366759734246 586.860934180433 0.0231
1 0.31295480430712 -444.791582914671 0.0231
1 0.110488873760664 725.176658703939 0.0231
1 0.164981905239538 -2056.15526896687 0.0231
1 0.15037408265273 -146.036884918385 0.0231
1 0.24233084787425 -343.722032880462 0.0231
1 0.25131100004092 -432.625261108396 0.0231
1 0.262847146201783 -739.317956641579 0.0231
1 0.17025097186892 1505.81674205845 0.0231
1 0.201781846155703 1809.01660146613 0.0231
1 0.0281795943379272 -218.346211318542 0.0231
1 0.270930609525306 1742.48276164598 0.0231
1 0.0737038484247391 1361.35632176718 0.0231
1 0.102153310993287 -1149.5738293422 0.0231
1 0.102157697786823 104.494990831786 0.0231
1 0.152967143236848 -509.300632665428 0.0231
1 0.188017042099007 893.97265283941 0.0231
1 0.230113742472813 -12.3919496432412 0.0231
1 0.214708532936341 -505.283285074772 0.0231
1 0.202603582147125 -848.009039194605 0.0231
1 0.192154131589015 301.221953044669 0.0231
1 0.252571688280302 -1732.37053222559 0.0231
1 0.237901040450218 2.95074327045281 0.0231
1 0.286525086022707 249.479922588213 0.0231
1 0.258353883532387 -126.764751363503 0.0231
1 0.272649916957682 -1076.05138703939 0.0231
1 0.359264761589121 2437.84138309061 0.0231
1 0.227791389717611 -811.644864431629 0.0231
1 0.318253528765652 1080.77492045743 0.0231
1 0.227461807437882 763.454274733653 0.0231
1 0.319531802705307 636.751058234777 0.0231
1 0.345207785906154 -19.5827381096668 0.0231
1 0.292848582006748 236.959042752419 0.0231
1 0.306951628292238 -105.523502140553 0.0231
1 0.239435184236673 647.976775681752 0.0231
1 0.333833933714783 -133.469121376209 0.0231
1 0.306776329714465 -2165.44411877627 0.0231
1 0.328282462110532 1058.09492749487 0.0231
1 0.344506934470591 -17.8070177304266 0.0231
1 0.363017437620004 -219.462629576777 0.0231
1 0.41125446873542 1139.48211154335 0.0231
1 0.406207974650631 -336.021384107126 0.0231
1 0.333993162069901 -2213.27135974978 0.0231
1 0.410353021763806 823.910814113967 0.0231
1 0.348783793634826 -619.078831160199 0.0231
1 0.395994517056775 -654.194727240739 0.0231
1 0.381679813403655 -3055.68365649497 0.0231
1 0.378740379196426 2415.19362267618 0.0231
1 0.392293975337025 -671.207652194311 0.0231
1 0.378455701688228 -115.284103763073 0.0231
1 0.39110528765732 2841.5657694458 0.0231
1 0.458350115252982 950.7312398788 0.0231
1 0.428698366272582 763.926042029127 0.0231
1 0.513596993352624 1291.15676215424 0.0231
1 0.442747064467529 -799.162077607272 0.0231
1 0.45076372343193 -82.1373233506008 0.0231
1 0.396989074583403 313.871763073013 0.0231
1 0.491092186917552 -468.324273287069 0.0231
1 0.543376712037408 -2235.67591093735 0.0231
1 0.554192580435841 -544.917598357932 0.0231
1 0.478573860235639 691.59327377578 0.0231
1 0.561757626446858 -1606.94782695729 0.0231
1 0.464770054354675 -1559.22021385984 0.0231
1 0.506113565597954 -581.850238060796 0.0231
1 0.488498370614366 -698.183364754179 0.0231
1 0.484637328892263 1005.8488971948 0.0231
1 0.557007929134428 -344.009195582054 0.0231
1 0.53322162479434 -1572.65532597009 0.0231
1 0.541072654030844 2934.55374059232 0.0231
1 0.615145861957498 76.7574180432022 0.0231
1 0.693319745250137 561.215546789171 0.0231
1 0.706265880958226 1463.14670878702 0.0231
1 0.590709225619893 -730.251819919851 0.0231
1 0.602011225743917 1706.81891224709 0.0231
1 0.558837344341372 464.151623419021 0.0231
1 0.617416191661371 80.0597891115242 0.0231
1 0.621338150966922 -1526.69464255694 0.0231
1 0.610901175041229 922.357806822403 0.0231
1 0.591247656462734 -2004.57733148275 0.0231
1 0.60125601845697 1004.95517654188 0.0231
1 0.616487606832902 772.145341804321 0.0231
1 0.719185956658197 1399.70133312482 0.0231
1 0.658278452602075 1796.95283776757 0.0231
1 0.662936790670374 43.9798468184934 0.0231
1 0.698744646642919 1244.12654418923 0.0231
1 0.736549794676358 -247.569411553123 0.0231
1 0.641017549419265 43.9241724171639 0.0231
1 0.850047826588881 1023.85517067735 0.0231
1 0.843597686106974 1340.89744439449 0.0231
1 0.820819795394124 -91.22690192552 0.0231
1 0.818750270954776 -40.0445457140065 0.0231
1 0.798836575409892 -885.680097272994 0.0231
1 0.855001915292298 -1097.33658973707 0.0231
1 0.911177217661269 -981.929416244746 0.0231
1 0.927918390602996 -227.94858043202 0.0231
1 0.965202421483625 366.407886306325 0.0231
1 0.740577775158924 1604.16703712247 0.0231
1 0.761882390669213 1808.81148525071 0.0231
1 0.81388381507845 154.027626624964 0.0231
1 0.903125988469724 -1050.82209254227 0.0231
1 0.953237766673777 1263.17891037044 0.0231
1 0.986502040298038 -1420.57630339165 0.0231
1 1.03338719949003 -1428.57876602483 0.0231
1 1.13208246155247 609.769485211612 0.0231
1 1.23031235308026 176.3823638745 0.0231
1 0.992078282357315 587.59349209266 0.0231
1 1.02791016583298 -353.939750640211 0.0231
1 1.14678859914899 3610.57283315414 0.0231
1 1.27349377019288 305.675905151012 0.0231
1 1.38205605906548 -298.004558694165 0.0231
1 1.52153700527889 1256.00863352556 0.0231
1 1.62105576153375 727.409495220409 0.0231
1 1.90643473827972 -1918.94717200665 0.0231
1 1.96717065798641 -531.520579259114 0.0231
1 2.64443336146381 853.251223614505 0.0231
1 2.77852220848319 -213.215375701299 0.0231
1 3.82780464556541 464.813855771675 0.0231
1 4.9021847057386 -754.203533418043 0.0231
1 7.0722924674973 55.9879361157272 0.0231
1 8.99886483652429 -94.1571335744301 0.0231
1 9.22890549183382 3055.75691228619 0.0231
1 9.96243285526557 3333.46668658 0.0231
1 7.57899325080429 173.446271762292 0.0231
1 7.00174656335959 2312.68825913401 0.0231
1 6.42983162372575 613.54069334376 0.0231
1 6.42662204913859 710.247128452742 0.0231
1 5.35860592533821 247.774527768547 0.0231
1 5.23809216062968 409.918896060991 0.0231
1 5.08107050340463 211.260911191477 0.0231
1 4.87319680248051 867.791033056397 0.0231
1 3.63864484423202 383.259648519207 0.0231
1 2.28742606368405 140.712654012316 0.0231
1 1.93839185952673 469.982784400352 0.0231
1 1.71264847653467 75.5736044570424 0.0231
1 1.51214169747507 93.2634129215132 0.0231
1 1.62467465575814 443.127211338091 0.0231
1 1.52810134797861 -600.489441579513 0.0231
1 1.27200483197908 -899.657302238295 0.0231
1 1.27258215604256 -95.6456912520768 0.0231
1 0.961555307380221 361.646259876845 0.0231
1 1.1282302208304 962.651422226567 0.0231
1 0.952661358318484 -16.9279482357537 0.0231
1 0.919679468702994 828.399929000099 0.0231
1 0.824284529858661 -155.437068048089 0.0231
1 0.514373034626519 260.32470992083 0.0231
1 0.707146954070431 688.52825147102 0.0231
1 0.55153661495149 -997.644248577852 0.0231
1 0.508359686862993 687.672623829538 0.0231
1 0.605191437192957 1230.61817628775 0.0231
1 0.675245510766267 -1019.8261021601 0.0231
1 0.438980806530052 349.828635636791 0.0231
1 0.419090098313011 1070.57771431923 0.0231
1 0.426252163938536 -837.753228423419 0.0231
1 0.482437739954749 498.690263864725 0.0231
1 0.565137602126638 1048.62148857394 0.0231
1 0.408749967439881 156.005532987978 0.0231
1 0.518980540331322 888.601538226958 0.0231
1 0.617737970057262 -213.227096627895 0.0231
1 0.633174752133439 757.845811357639 0.0231
1 0.577826982284701 938.052127533966 0.0231
1 0.665219223802944 1566.02421174861 0.0231
1 0.880036649367372 -947.7717059134 0.0231
1 0.931399986310946 969.402675945656 0.0231
1 0.99966623547195 696.413504838237 0.0231
1 0.730543817457415 580.65763377969 0.0231
1 0.790347518394234 -628.127386492034 0.0231
1 1.07511598998005 -25.5721316000392 0.0231
1 1.01808638059569 662.900445469652 0.0231
1 1.15824275907104 678.427742977226 0.0231
1 1.29458905587966 -1161.16582574528 0.0231
1 1.14256765770087 655.894261597107 0.0231
1 1.20225396100267 749.928325442284 0.0231
1 1.15260316094828 880.109726908416 0.0231
1 1.41450647064685 1683.89864028932 0.0231
1 1.32032051093687 1233.57771025315 0.0231
1 1.37971763290342 -1325.92396066856 0.0231
1 1.29260437849423 1978.02357228032 0.0231
1 1.39385446274814 -110.938570227739 0.0231
1 1.62522980213104 236.756856768644 0.0231
1 1.6617509868394 338.242499697 0.0231
1 1.77228688495345 -1369.66352849184 0.0231
1 1.8057036031953 -502.341332499266 0.0231
1 1.81266003344189 1262.28518971753 0.0231
1 1.89218033445916 39.5727784185323 0.0231
1 1.92265761606269 -53.6056577851626 0.0231
1 1.89308354730937 -529.856207682533 0.0231
1 2.03489083498469 -966.844583716157 0.0231
1 1.80173237522663 -299.592744247874 0.0231
1 1.96683044356293 1069.88324941843 0.0231
1 2.18288544753202 929.196967490959 0.0231
1 2.19715279737494 -1276.71072012511 0.0231
1 2.2187010547644 273.918054540123 0.0231
1 2.23637370904543 -350.643240035187 0.0231
1 2.27889639272564 -115.081917779298 0.0231
1 2.3883085733453 -401.810945088456 0.0231
1 2.60446004871325 383.388578711758 0.0231
1 2.63372718703927 442.784374235168 0.0231
1 2.92323738420406 -518.144071781839 0.0231
1 3.09104447739672 -1947.54330266836 0.0231
1 3.15488379849898 -506.938865956407 0.0231
1 3.41548674853367 -1155.08559507379 0.0231
1 3.5789329009942 -284.742330251197 0.0231
1 3.90798217111409 407.267036418727 0.0231
1 4.48057366430733 3351.38212288144 0.0231
1 4.63819764917608 386.846252057473 0.0231
1 5.59465198814729 83.6903461245242 0.0231
1 6.01669534995228 -384.478624885153 0.0231
1 5.94152962245722 -973.302814270355 0.0231
1 7.500435988317 3439.23632817906 0.0231
1 7.49233774747131 -582.154982152282 0.0231
1 7.29647247323579 3341.57463755254 0.0231
1 7.53492244581843 -476.608038158538 0.0231
1 9.13540286075976 3666.89774590949 0.0231
1 7.10469171195209 -1197.13148900401 0.0231
1 7.09822804993505 2429.11515324015 0.0231
1 7.42663055853288 491.185940611866 0.0231
1 7.54608726093777 474.817666621055 0.0231
1 7.70457525425437 2417.57883123839 0.0231
1 9.3216440789791 3731.53279562115 0.0231
1 8.51143287109621 3901.39539407683 0.0231
1 6.52333526434343 2260.1345545108 0.0231
1 6.29456882302958 -131.555680109471 0.0231
1 7.53951047682587 -293.345490372397 0.0231
1 8.162438996999 496.814915609423 0.0231
1 8.49810607797607 -486.131291017496 0.0231
1 7.49701573742705 -2076.67275097253 0.0231
1 7.43840032577149 -1783.47084195093 0.0231
1 6.31945486187488 598.110093480599 0.0231
1 6.48317063987558 3389.60406450983 0.0231
1 8.16091742101207 -2469.81314061187 0.0231
1 8.62248244937721 2014.5137470042 0.0231
1 7.20082809615821 -1615.67698703939 0.0231
1 5.07000718205877 2163.78267743134 0.0231
1 5.00320834962866 811.017794858763 0.0231
1 5.64137209297609 3497.77649606099 0.0231
1 5.84764572973523 -627.594084331932 0.0231
1 6.29088653966774 -590.087119225882 0.0231
1 6.92622825807468 489.430731854169 0.0231
1 7.06873442635597 177.021154373961 0.0231
1 7.40288821615731 155.671486580003 0.0231
1 8.32475143764079 -2986.19321294106 0.0231
1 8.27531569426832 -3062.15946843906 0.0231
1 9.64746682633615 1871.58876809696 0.0231
1 8.06709459040802 867.931684175545 0.0231
1 8.02502494178869 -525.856441481771 0.0231
1 5.95851715924566 -133.22591214935 0.0231
1 5.45933245335218 -2476.82225471606 0.0231
1 4.59538486555816 309.92767127358 0.0231
1 5.07748360151298 427.55889058743 0.0231
1 5.42385858309899 528.399882553026 0.0231
1 8.12002446316312 -34.9986868145827 0.0231
1 9.20754410253332 106.516850669534 0.0231
1 9.45143006644641 -490.58231289219 0.0231
1 8.83690846996017 -670.146908337406 0.0231
1 8.38619618132429 2155.06523827583 0.0231
1 8.09935051757313 706.935966689474 0.0231
1 7.67369134680251 -346.239101866875 0.0231
1 7.21967773012494 -1950.18344138403 0.0231
1 7.24110359689473 -2098.1308373375 0.0231
1 7.18504552202858 -2139.1452897273 0.0231
1 6.59453852706661 323.96348087186 0.0231
1 4.81402377798445 3503.70728491839 0.0231
1 3.64796688413789 2498.0810853289 0.0231
1 4.27985317192545 330.342595171538 0.0231
1 4.24931053983533 333.876454540124 0.0231
1 7.85330309664303 -2975.77037896589 0.0231
1 7.84473638761556 -2816.16066104975 0.0231
1 8.91040801134354 2017.41760656827 0.0231
1 9.76878809174652 2039.76355312286 0.0231
1 9.78230009835036 -123.843310409539 0.0231
1 9.65032845583241 282.149075241912 0.0231
1 8.44450732221157 3082.99341546281 0.0231
1 9.21768670434864 3104.06764148177 0.0231
1 9.33809618035481 3331.46240813215 0.0231
1 9.10538958356801 3354.18049410615 0.0231
1 9.65060822410597 -352.823332381976 0.0231
1 9.87430788489752 1625.42000727202 0.0231
1 8.38681415404565 3266.26768417555 0.0231
1 9.44815471997623 -265.593266425569 0.0231
1 9.77622376040341 211.463097175252 0.0231
1 8.83118009197542 3083.57946179259 0.0231
1 9.50281027784362 365.332491291174 0.0231
1 9.70234173336412 2827.41275058157 0.0231
1 9.72470889886244 3254.91010630437 0.0231
1 8.1297255173503 2414.75994839214 0.0231
1 8.57281503819644 3328.59371134787 0.0231
1 9.68304850017867 -20.687435441306 0.0231
1 9.97754356215695 2.83353400449609 0.0231
1 7.87430611844432 2734.78226769622 0.0231
1 7.50858881332648 -1178.54795988662 0.0231
1 7.89805357453262 3312.57999538657 0.0231
1 9.7367765818871 -3447.0805583032 0.0231
1 9.76831463641251 -3375.83490599159 0.0231
1 9.60951221237096 -391.335366943602 0.0231
1 7.54463325961238 2592.37887002248 0.0231
1 9.03483020354716 57.7109123252863 0.0231
1 7.11021662978582 2518.20884652527 0.0231
1 6.10622064765976 -143.355722959633 0.0231
1 6.02704347031427 -196.129194956505 0.0231
1 7.65160176222472 -437.53632935197 0.0231
1 7.70055124333345 45.348264998534 0.0231
1 8.72071772809832 -460.532787332616 0.0231
1 7.08303685287733 -135.367911484703 0.0231
1 6.26135711292326 -106.326385612355 0.0231
1 5.95146236821211 -466.319994839214 0.0231
1 5.68725922345342 3858.38838416577 0.0231
1 6.61265136828652 193.512498094029 0.0231
1 7.06439750518444 160.793531502298 0.0231
1 7.09731783032925 101.169177910273 0.0231
1 8.37282630302899 2615.54235120712 0.0231
1 8.85300767047962 -452.172836438276 0.0231
1 7.40492083062275 55.8531454598771 0.0231
1 7.05809164276158 -1684.71031445607 0.0231
1 6.98876311262076 -1674.06771310722 0.0231
1 6.30650001495506 2486.56527494869 0.0231
1 5.45908471324573 -2506.24471070277 0.0231
1 4.82809886135913 -45.3277533769912 0.0231
1 5.30781284718942 178.670874792299 0.0231
1 6.63279914704947 110.082942586257 0.0231
1 7.967635935328 -323.251434581175 0.0231
1 4.13413333651107 361.646259876845 0.0231
1 4.50574135743134 350.55533308572 0.0231
1 4.63863940068124 -342.957242420096 0.0231
1 4.66050196384189 3576.06056479328 0.0231
1 5.07093619367942 309.622927182094 0.0231
1 5.00784746925173 -388.835879347082 0.0231
1 5.18836346713785 253.239409793764 0.0231
1 5.28776695036579 740.870979415503 0.0231
1 8.36002223021628 63.9669568957095 0.0231
1 8.71981481077313 2058.61666355195 0.0231
